33222
33216
33222
33233
33236
33218
33232
33213
33220
33216
33221
33216
33232
33231
33221
33221
33232
33214
33210
33229
33218
33210
33214
33233
33232
33220
33218
33221
33216
33210
33218
33232
33233
33217
33232
33221
33210
33213
33220
33219
33222
33229
33228
33228
33222
33228
33210
33229
33216
33233
33210
33229
33223
33225
33216
33228
33216
33214
33211
33220
33210
33232
33228
33233
33216
33233
33216
33219
33211
33223
33218
33228
33228
33229
33216
33231
33216
33232
33220
33228
33218
33225
33221
33225
33221
33227
33212
33220
33217
33222
33216
33232
33222
33228
33224
33218
33221
33218
33211
33232
33233
33236
33219
33225
33224
33211
33217
33222
33210
33220
33229
33223
33224
33232
33223
33216
33216
33210
33233
33232
33229
33228
33221
33216
33211
33216
33217
33228
33236
33208
33229
33228
33229
33211
33229
33216
33211
33233
33216
33218
33222
33228
33216
33229
33216
33236
33216
33228
33211
33218
33220
33233
33216
33232
33221
33229
33217
33225
33219
33225
33229
33229
33229
33216
33223
33210
33223
33217
33228
33219
33229
33216
33229
33216
33218
33216
33234
33210
33233
33229
33233
33216
33229
33218
33222
33213
33220
33229
33233
33233
33232
33215
33226
33213
33220
33218
33220
33233
33223
33229
33220
33232
33218
33217
33211
33228
33222
33229
33220
33229
33218
33229
33216
33214
33222
33229
33216
33233
33228
33228
33219
33236
33216
33224
33214
33220
33220
33233
33211
33233
33212
33237
33218
33225
33216
33222
33216
33229
33224
33231
33211
33228
33216
33216
33210
33216
33216
33232
33221
33228
33220
33216
33212
33220
33216
33233
33232
33223
33217
33232
33219
33221
33219
33223
33218
33218
33224
33223
33225
33228
33227
33211
33211
33232
33223
33229
33221
33229
33227
33218
33225
33216
33211
33228
33233
33229
33233
33232
33224
33218
33229
33216
33214
33222
33228
33220
33229
33216
33233
33216
33218
33222
33229
33220
33225
33222
33233
33221
33221
33214
33229
33210
33221
33216
33233
33217
33232
33217
33219
33213
33222
33214
33233
33216
33236
33210
33233
33216
33221
33218
33229
33216
33223
33222
33223
33220
33223
33224
33221
33214
33216
33216
33237
33219
33232
33217
33225
33221
33217
33209
33228
33216
33233
33227
33229
33223
33233
33210
33220
33216
33216
33214
33233
33229
33232
33222
33222
33222
33216
33216
33214
33233
33236
33216
33232
33218
33216
33216
33222
33213
33222
33223
33236
33224
33223
33229
33216
33216
33214
33229
33220
33221
33223
33225
33216
33225
33216
33216
33216
33232
33216
33233
33229
33213
33216
33233
33210
33219
33226
33228
33221
33225
33212
33233
33216
33229
33212
33232
33218
33225
33222
33229
33219
33225
33217
33221
33216
33223
33216
33233
33216
33236
33214
33231
33211
33225
33218
33226
33216
33232
33216
33233
33218
33219
33216
33216
33216
33228
33211
33232
33216
33233
33216
33224
33219
33216
33216
33220
33233
33233
33220
33233
33217
33212
33216
33220
33216
33233
33232
33220
33227
33236
33214
33216
33216
33216
33216
33232
33225
33225
33226
33216
33225
33216
33211
33232
33236
33228
33225
33221
33223
33211
33220
33213
33224
33216
33228
33222
33227
33220
33229
33211
33217
33210
33232
33223
33228
33220
33229
33216
33231
33218
33211
33208
33221
33216
33233
33218
33236
33216
33229
33216
33216
33211
33221
33220
33221
33225
33225
33216
33229
33216
33228
33223
33232
33220
33228
33221
33229
33215
33226
33216
33222
33218
33224
33216
33232
33229
33232
33221
33228
33216
33221
33216
33229
33227
33233
33216
33229
33214
33216
33216
33232
33216
33229
33233
33232
33216
33229
33213
33218
33225
33216
33233
33233
33220
33232
33219
33218
33222
33218
33214
33228
33229
33223
33228
33233
33218
33210
33228
33216
33216
33228
33233
33232
33224
33218
33221
33216
33211
33214
33233
33232
33224
33225
33224
33216
33218
33216
33221
33216
33229
33223
33225
33222
33229
33209
33226
33218
33229
33211
33237
33228
33219
33218
33221
33220
33224
33216
33229
33220
33229
33216
33233
33221
33229
33211
33227
33211
33225
33216
33232
33221
33225
33210
33229
33216
33233
33208
33233
33218
33232
33210
33233
33214
33232
33216
33216
33216
33229
33216
33232
33223
33225
33224
33216
33216
33236
33210
33232
33219
33233
33224
33229
33216
33219
33218
33222
33216
33228
33228
33220
33229
33233
33211
33221
33217
33221
33225
33225
33226
33232
33218
33210
33216
33223
33211
33225
33236
33232
33217
33233
33224
33216
33216
33220
33219
33223
33229
33233
33233
33216
33215
33216
33221
33221
33229
33221
33228
33232
33232
33216
33225
33216
33216
33210
33229
33210
33233
33229
33226
33217
33220
33218
33232
33218
33232
33216
33233
33217
33224
33216
33225
33218
33228
33224
33232
33216
33229
33219
33229
33210
33228
33218
33232
33210
33232
33217
33225
33225
33228
33213
33216
33211
33233
33210
33232
33236
33233
33219
33221
33216
33228
33218
33223
33220
33223
33227
33229
33211
33216
33212
33220
33216
33226
33224
33236
33229
33233
33218
33218
33216
33220
33210
33229
33233
33229
33230
33232
33218
33216
33217
33220
33229
33220
33229
33232
33233
33216
33217
33221
33217
33218
33233
33223
33227
33230
33223
33215
33220
33216
33224
33216
33233
33214
33233
33216
33221
33219
33223
33216
33232
33218
33232
33236
33229
33216
33232
33216
33219
33220
33232
33216
33232
33228
33225
33217
33229
33210
33220
33212
33233
33232
33229
33217
33225
33216
33224
33216
33220
33216
33233
33214
33236
33223
33229
33216
33233
33210
33223
33216
33232
33221
33229
33225
33229
33213
33218
33216
33228
33218
33227
33219
33232
33217
33225
33225
33218
33217
33220
33218
33220
33232
33233
33233
33216
33215
33222
33213
33222
33229
33233
33237
33237
33216
33216
33218
33212
33210
33227
33228
33218
33236
33232
33219
33218
33221
33216
33228
33218
33237
33232
33217
33214
33217
33223
33215
33216
33232
33220
33229
33221
33226
33218
33221
33216
33229
33210
33233
33223
33232
33221
33226
33221
33225
33210
33233
33214
33229
33232
33225
33217
33232
33214
33219
33216
33232
33216
33222
33223
33228
33221
33228
33211
33223
33216
33232
33223
33232
33225
33225
33210
33232
33211
33218
33216
33216
33216
33233
33229
33229
33217
33237
33232
33232
33228
33220
33218
33221
33216
33210
33232
33232
33232
33223
33232
33225
33210
33217
33220
33222
33220
33229
33228
33225
33222
33229
33210
33211
33210
33230
33223
33232
33222
33229
33216
33229
33216
33216
33221
33236
33212
33233
33225
33224
33216
33232
33210
33219
33229
33221
33225
33212
33216
33216
33229
33216
33233
33216
33224
33217
33227
33216
33222
33224
33222
33218
33232
33228
33229
33225
33214
33222
33233
33236
33222
33223
33220
33222
33211
33216
33232
33232
33229
33232
33219
33216
33211
33216
33216
33223
33233
33228
33218
33224
33229
33216
33225
33210
33236
33216
33236
33222
33232
33218
33232
33216
33225
33219
33222
33217
33225
33220
33233
33229
33233
33216
33223
33211
33229
33220
33222
33223
33229
33214
33229
33216
33216
33216
33236
33216
33229
33225
33229
33216
33237
33217
33220
33218
33222
33225
33236
33233
33232
33216
33216
33220
33218
33216
33216
33224
33221
33229
33233
33229
33217
33225
33216
33218
33216
33232
33232
33236
33218
33228
33218
33225
33213
33236
33216
33236
33233
33218
33216
33224
33218
33218
33220
33228
33216
33223
33222
33232
33216
33229
33218
33229
33212
33233
33223
33232
33225
33229
33216
33229
33210
33220
33218
33232
33210
33236
33228
33233
33210
33237
33211
33228
33218
33222
33227
33229
33218
33233
33216
33223
33216
33232
33217
33221
33222
33223
33221
33225
33216
33220
33218
33220
33216
33233
33228
33232
33213
33221
33219
33221
33213
33218
33229
33233
33232
33233
33214
33212
33217
33216
33222
33223
33236
33229
33233
33233
33217
33216
33221
33218
33233
33216
33236
33232
33219
33216
33224
33218
33216
33211
33232
33216
33229
33232
33232
33216
33229
33216
33229
33217
33232
33232
33232
33217
33227
33216
33226
33218
33229
33225
33233
33228
33225
33214
33237
33217
33225
33222
33223
33220
33229
33222
33236
33210
33229
33214
33221
33211
33223
33221
33228
33221
33231
33216
33233
33208
33220
33216
33233
33216
33233
33222
33233
33218
33232
33216
33232
33216
33232
33224
33228
33225
33229
33216
33232
33212
33228
33223
33227
33232
33232
33215
33232
33220
33223
33216
33222
33217
33220
33229
33237
33229
33211
33216
33220
33218
33224
33229
33233
33229
33233
33216
33216
33211
33218
33216
33232
33229
33216
33232
33232
33218
33216
33219
33220
33233
33216
33232
33233
33236
33214
33219
33216
33218
33218
33233
33217
33229
33222
33229
33219
33225
33216
33225
33210
33229
33229
33233
33216
33221
33212
33225
33211
33233
33210
33236
33232
33221
33216
33233
33216
33220
33218
33232
33211
33228
33223
33228
33224
33231
33217
33233
33211
33230
33222
33228
33223
33225
33221
33228
33218
33218
33216
33218
33217
33232
33229
33233
33216
33229
33218
33223
33216
33228
33229
33220
33225
33233
33216
33228
33219
33223
33220
33223
33218
33229
33224
33229
33221
33214
33217
33216
33216
33218
33229
33236
33222
33217
33219
33220
33221
33222
33229
33233
33229
33232
33213
33209
33224
33216
33216
33232
33233
33216
33229
33232
33216
33211
33219
33220
33227
33222
33221
33233
33233
33214
33217
33211
33224
33222
33229
33223
33227
33224
33223
33216
33222
33218
33224
33216
33232
33216
33233
33216
33233
33216
33221
33216
33220
33216
33233
33216
33229
33229
33232
33211
33221
33216
33232
33210
33229
33223
33232
33221
33225
33216
33216
33218
33236
33211
33232
33220
33221
33225
33229
33216
33222
33218
33217
33216
33228
33223
33221
33225
33236
33210
33229
33216
33223
33221
33223
33229
33233
33225
33210
33216
33228
33214
33232
33233
33236
33220
33225
33221
33211
33215
33220
33219
33220
33232
33229
33225
33216
33211
33220
33216
33222
33229
33220
33229
33233
33218
33216
33226
33216
33213
33223
33229
33212
33232
33233
33232
33218
33220
33216
33233
33218
33236
33229
33233
33214
33217
33218
33223
33220
33232
33222
33222
33216
33229
33217
33229
33223
33229
33216
33232
33210
33233
33217
33232
33223
33225
33212
33233
33216
33232
33226
33232
33211
33232
33218
33218
33216
33230
33209
33233
33210
33229
33221
33223
33221
33218
33216
33232
33212
33232
33219
33233
33219
33225
33212
33223
33217
33220
33216
33233
33228
33226
33229
33233
33216
33210
33218
33223
33221
33229
33230
33223
33227
33216
33217
33210
33210
33225
33229
33232
33219
33232
33221
33216
33213
33220
33219
33220
33229
33220
33225
33211
33216
33216
33213
33220
33225
33222
33233
33219
33229
33221
33225
33216
33214
33216
33233
33218
33229
33232
33229
33214
33217
33222
33223
33218
33236
33216
33232
33214
33237
33210
33219
33220
33228
33221
33228
33220
33229
33224
33228
33221
33225
33216
33233
33216
33233
33215
33233
33224
33224
33224
33220
33216
33232
33210
33229
33229
33232
33216
33233
33219
33216
33210
33228
33216
33223
33223
33228
33227
33216
33216
33232
33213
33232
33221
33223
33226
33228
33224
33220
33218
33218
33214
33233
33225
33224
33231
33233
33210
33212
33210
33222
33232
33221
33227
33229
33225
33216
33218
33209
33210
33228
33232
33220
33233
33232
33221
33212
33228
33214
33216
33221
33223
33224
33229
33218
33223
33210
33211
33221
33232
33220
33229
33224
33225
33221
33225
33216
33225
33218
33223
33218
33232
33216
33229
33212
33229
33212
33232
33216
33232
33218
33236
33210
33233
33216
33217
33219
33232
33210
33223
33221
33229
33217
33232
33219
33221
33221
33220
33216
33229
33229
33229
33217
33229
33220
33218
33216
33236
33218
33236
33229
33236
33230
33236
33218
33216
33216
33232
33210
33236
33223
33223
33229
33216
33210
33216
33210
33229
33224
33232
33223
33229
33224
33216
33224
33216
33212
33216
33225
33221
33228
33220
33219
33216
33224
33218
33233
33216
33233
33232
33236
33218
33217
33216
33219
33220
33223
33221
33225
33223
33229
33216
33225
33212
33225
33216
33228
33216
33236
33221
33225
33217
33228
33216
33232
33218
33237
33228
33233
33216
33232
33216
33221
33218
33229
33216
33232
33221
33228
33224
33229
33210
33216
33210
33232
33211
33228
33224
33229
33221
33229
33210
33217
33221
33218
33216
33232
33225
33221
33229
33237
33216
33220
33219
33223
33229
33221
33223
33220
33229
33218
33232
33215
33221
33218
33223
33218
33222
33218
33228
33214
33233
33219
33227
33216
33222
33216
33229
33229
33233
33210
33236
33213
33218
33211
33228
33216
33233
33232
33233
33224
33229
33217
33220
33212
33216
33233
33232
33219
33233
33218
33220
33219
33220
33216
33232
33228
33220
33225
33232
33211
33216
33225
33217
33216
33216
33236
33225
33224
33218
33221
33216
33210
33210
33236
33228
33221
33232
33219
33211
33213
33221
33218
33222
33233
33226
33228
33223
33228
33206
33225
33220
33236
33216
33233
33232
33222
33216
33217
33216
33225
33216
33221
33221
33228
33216
33236
33227
33228
33212
33229
33210
33228
33225
33232
33221
33229
33225
33233
33211
33233
33216
33229
33222
33228
33213
33236
33224
33225
33216
33225
33217
33221
33218
33229
33229
33233
33216
33211
33216
33221
33220
33228
33228
33232
24427
16384
18431
22719
33480
33805
35226
37801
40181
42031
42953
43344
43325
40191
33224
33206
33205
33201
33189
33143
33054
32853
32256
31330
30266
29312
28482
27926
27478
27230
27181
27274
27391
27906
28597
33538
33343
33529
33813
34358
35133
35924
36562
37066
37504
37782
37887
37978
37887
37760
37377
36773
36026
35088
34133
33136
32042
31181
30554
30084
29674
29353
29162
29066
29077
29142
29394
29793
30315
31063
31936
32847
33732
34593
35261
35789
36164
36517
36746
36853
36993
36863
36747
36453
36034
35403
34672
33903
33081
32181
31461
30932
30550
30226
29931
29781
29693
29689
29749
30002
30341
30783
31476
32201
33044
33796
34522
35069
35529
35838
36139
36352
36457
36491
36485
36309
36042
35637
35055
34389
33704
32972
32157
31541
31061
30724
30454
30213
30085
30036
30001
30100
30295
30629
31104
31712
32397
33174
33878
34538
35012
35413
35711
35979
36160
36240
36271
36265
36062
35812
35424
34832
34218
33535
32846
32101
31541
31105
30800
30554
30336
30218
30208
30166
30261
30485
30788
31269
31887
32541
33305
33970
34580
35018
35354
35636
35899
36045
36133
36148
36114
35931
35637
35230
34709
34064
33429
32768
32048
31514
31109
30824
30597
30397
30293
30258
30261
30376
30605
30928
31423
32037
32768
33416
34080
34629
35039
35365
35648
35839
35994
36058
36084
36031
35828
35541
35114
34559
33957
33309
32553
31959
31478
31098
30810
30602
30434
30334
30295
30324
30445
30698
31026
31541
32162
32865
33506
34168
34701
35063
35371
35634
35839
35966
36041
36058
35956
35759
35461
34992
34450
33834
33205
32451
31890
31403
31073
30792
30600
30450
30357
30336
30347
30506
30742
31113
31656
32273
32989
33633
34255
34754
35125
35408
35664
35839
35958
36013
36032
35917
35706
35365
34891
34333
33719
33104
32368
31787
31362
31034
30772
30569
30433
30362
30354
30400
30570
30783
31232
31765
32390
33084
33733
34324
34816
35157
35429
35691
35881
35969
36010
35994
35839
35627
35290
34816
34214
33629
32989
32264
31717
31306
31012
30742
30561
30448
30369
30347
30432
30613
30869
31306
31877
32496
33196
33835
34433
34861
35210
35476
35717
35887
35977
36009
35989
35807
35574
35216
34719
34122
33519
32886
32180
31653
31250
30962
30720
30548
30433
30378
30366
30453
30674
30925
31394
31973
32581
33299
33940
34498
34906
35245
35522
35738
35901
35973
35988
35973
35781
35530
35135
34629
34026
33413
32777
32085
31600
31194
30907
30697
30517
30421
30376
30362
30487
30701
30997
31487
32094
32776
33408
34047
34601
34974
35290
35540
35776
35914
35972
35986
35925
35754
35469
35053
34536
33929
33290
32565
31975
31509
31154
30885
30676
30494
30410
30389
30400
30522
30738
31077
31600
32208
32896
33508
34134
34674
35029
35333
35600
35808
35937
35981
35988
35913
35700
35405
34954
34405
33829
33193
32461
31885
31445
31120
30849
30634
30475
30410
30378
30379
30558
30776
31162
31677
32291
32999
33627
34253
34738
35113
35378
35629
35823
35922
35979
36000
35839
35653
35343
34861
34306
33721
33075
32360
31828
31378
31058
30804
30610
30461
30402
30378
30399
30597
30848
31232
31794
32394
33094
33737
34330
34811
35138
35414
35662
35829
35941
35988
35984
35834
35605
35269
34805
34206
33600
32993
32270
31730
31317
31009
30757
30592
30443
30402
30378
30437
30629
30888
31326
31885
32488
33194
33840
34418
34843
35210
35461
35707
35867
35951
35966
35977
35817
35565
35190
34708
34114
33508
32866
32168
31658
31253
30959
30740
30527
30437
30381
30373
30461
30679
30964
31413
31989
32575
33316
33942
34521
34902
35242
35508
35738
35877
35962
36000
35949
35778
35508
35125
34613
34000
33390
32773
32082
31578
31199
30930
30720
30521
30437
30378
30389
30516
30703
31013
31506
32101
32797
33409
34050
34582
34989
35284
35561
35773
35914
35977
35989
35944
35711
35445
35048
34512
33916
33277
32561
31973
31514
31157
30874
30666
30517
30399
30379
30420
30538
30741
31080
31594
32212
32877
33509
34140
34688
35029
35328
35586
35802
35895
35981
35989
35899
35712
35396
34940
34402
33796
33190
32447
31885
31445
31106
30864
30645
30485
30422
30377
30394
30570
30800
31162
31701
32296
33001
33637
34250
34740
35098
35380
35631
35799
35919
35958
35966
35839
35637
35341
34846
34313
33695
33066
32353
31802
31369
31077
30793
30603
30482
30410
30378
30411
30601
30848
31242
31794
32389
33109
33732
34324
34811
35140
35418
35664
35829
35945
35972
35958
35826
35602
35253
34804
34197
33601
32965
32258
31733
31317
31026
30753
30592
30462
30416
30378
30442
30633
30901
31346
31898
32500
33213
33834
34427
34861
35205
35445
35721
35839
35933
35968
35962
35818
35561
35204
34720
34100
33488
32864
32170
31653
31243
30969
30725
30538
30442
30379
30389
30473
30698
30965
31429
32002
32597
33301
33941
34498
34910
35228
35508
35745
35882
35951
35978
35946
35743
35501
35119
34610
33986
33372
32768
32074
31565
31201
30925
30720
30548
30437
30379
30391
30505
30720
31017
31487
32117
32779
33421
34047
34586
34967
35280
35553
35765
35898
35977
35981
35931
35732
35450
35024
34496
33892
33289
32562
31985
31498
31157
30890
30682
30532
30430
30381
30389
30549
30743
31083
31595
32215
32883
33532
34145
34666
35029
35322
35594
35792
35917
35968
35974
35901
35700
35392
34933
34411
33798
33174
32458
31895
31454
31105
30864
30645
30494
30410
30389
30422
30592
30779
31184
31690
32310
32993
33605
34224
34725
35092
35375
35630
35797
35906
35972
35958
35881
35661
35333
34853
34313
33712
33074
32362
31805
31383
31072
30805
30618
30463
30416
30379
30442
30602
30850
31253
31810
32397
33101
33737
34325
34804
35135
35426
35653
35834
35945
35981
35968
35837
35604
35269
34805
34196
33602
32977
32256
31722
31317
31018
30757
30608
30461
30397
30389
30443
30639
30893
31333
31893
32491
33197
33834
34405
34832
35194
35465
35705
35838
35946
35973
35972
35797
35557
35205
34720
34111
33500
32869
32154
31664
31255
30959
30721
30558
30441
30383
30389
30473
30698
30953
31421
31997
32598
33297
33932
34484
34898
35221
35479
35725
35839
35925
35966
35946
35765
35514
35114
34622
34005
33372
32768
32070
31573
31201
30911
30720
30523
30445
30394
30379
30509
30720
31018
31521
32101
32782
33413
34036
34593
34977
35274
35535
35749
35887
35969
35963
35914
35753
35446
35029
34512
33928
33281
32557
31978
31487
31145
30885
30671
30544
30437
30379
30420
30549
30731
31106
31606
32214
32879
33517
34149
34654
35041
35336
35581
35773
35914
35969
35973
35914
35721
35381
34942
34410
33808
33174
32464
31893
31446
31109
30827
30635
30516
30423
30381
30397
30592
30805
31186
31706
32314
33005
33633
34230
34725
35088
35349
35605
35797
35936
35954
35962
35839
35664
35330
34846
34309
33721
33088
32368
31797
31378
31061
30806
30603
30485
30423
30391
30452
30601
30842
31253
31812
32421
33091
33736
34331
34813
35138
35407
35648
35837
35925
35958
35962
35829
35624
35266
34813
34213
33605
32968
32262
31732
31279
31029
30753
30593
30461
30421
30389
30447
30637
30928
31360
31910
32516
33202
33838
34416
34836
35186
35460
35670
35850
35946
35973
35956
35817
35550
35194
34704
34111
33501
32869
32161
31642
31253
30970
30722
30580
30453
30418
30379
30477
30698
30954
31440
31999
32595
33320
33942
34501
34900
35237
35486
35717
35881
35945
35958
35934
35765
35522
35119
34621
34005
33382
32768
32066
31565
31201
30932
30720
30546
30441
30383
30383
30506
30720
31026
31514
32106
32794
33409
34037
34597
34977
35277
35535
35735
35839
35935
35979
35936
35738
35455
35031
34512
33921
33283
32570
31973
31487
31145
30881
30682
30517
30452
30402
30383
30548
30733
31087
31610
32213
32912
33525
34158
34677
35028
35329
35570
35773
35914
35968
35973
35899
35693
35381
34948
34391
33808
33196
32470
31895
31445
31104
30842
30637
30494
30426
30416
30410
30592
30781
31157
31701
32309
33007
33642
34257
34751
35093
35365
35606
35796
35903
35956
35972
35880
35647
35328
34853
34314
33720
33088
32357
31810
31370
31062
30794
30615
30485
30423
30389
30437
30613
30849
31254
31805
32426
33117
33753
34326
34807
35140
35402
35639
35829
35924
35977
35969
35834
35616
35254
34805
34196
33602
32977
32258
31733
31317
31029
30753
30593
30453
30383
30402
30458
30656
30891
31333
31909
32501
33208
33857
34436
34839
35194
35466
35691
35830
35944
35977
35968
35802
35540
35194
34696
34096
33495
32869
32176
31648
31255
30973
30722
30558
30458
30389
30389
30461
30677
30964
31407
31999
32620
33322
33951
34522
34902
35237
35501
35717
35839
35926
35978
35946
35759
35479
35115
34597
33988
33393
32768
32072
31584
31201
30911
30720
30525
30440
30379
30402
30517
30720
31018
31525
32128
32801
33414
34061
34590
34986
35282
35546
35755
35862
35946
35966
35936
35722
35451
35024
34509
33892
33288
32562
31990
31518
31147
30881
30682
30528
30433
30381
30399
30507
30741
31082
31610
32213
32905
33530
34170
34676
35034
35332
35594
35780
35893
35927
35962
35882
35691
35381
34932
34388
33805
33172
32468
31893
31445
31113
30842
30639
30506
30410
30416
30422
30561
30781
31184
31710
32312
33010
33637
34261
34765
35094
35375
35629
35818
35914
35976
35973
35839
35643
35328
34849
34292
33708
33062
32357
31808
31373
31070
30794
30615
30482
30399
30402
30411
30612
30864
31253
31797
32414
33125
33744
34357
34816
35147
35432
35652
35834
35920
35968
35956
35823
35586
35252
34782
34190
33599
32967
32256
31725
31320
31017
30770
30592
30480
30418
30389
30453
30632
30901
31333
31910
32506
33216
33851
34437
34858
35186
35460
35696
35839
35946
35956
35947
35800
35538
35166
34703
34086
33493
32869
32160
31658
31253
30959
30720
30565
30445
30416
30379
30482
30667
30953
31426
32020
32610
33328
33950
34537
34928
35230
35503
35732
35885
35949
35973
35924
35742
35482
35093
34602
33974
33385
32768
32063
31589
31232
30933
30720
30525
30440
30383
30389
30514
30720
31021
31514
32106
32796
33429
34062
34594
34994
35282
35546
35765
35870
35951
35978
35913
35711
35435
34999
34493
33877
33280
32560
31988
31487
31157
30890
30720
30509
30440
30379
30416
30525
30741
31108
31616
32207
32913
33537
34150
34677
35039
35333
35594
35808
35904
35962
35958
35871
35685
35376
34910
34388
33800
33180
32450
31875
31423
31125
30864
30639
30495
30436
30389
30421
30569
30805
31188
31706
32317
33013
33634
34247
34746
35109
35400
35631
35803
35914
35969
35962
35839
35637
35328
34849
34285
33696
33073
32344
31791
31383
31072
30805
30625
30490
30409
30402
30442
30613
30850
31253
31791
32418
33110
33760
34345
34816
35157
35429
35688
35807
35931
35956
35958
35829
35583
35264
34788
34166
33580
32953
32233
31728
31317
31018
30757
30571
30447
30421
30379
30458
30650
30901
31350
31905
32518
33221
33864
34430
34853
35194
35489
35701
35867
35926
35972
35927
35794
35560
35184
34701
34088
33458
32852
32133
31629
31250
30965
30721
30558
30445
30397
30378
30463
30720
30970
31445
32013
32613
33333
33962
34517
34932
35245
35509
35734
35885
35946
35966
35934
35784
35498
35098
34590
33983
33365
32768
32052
31549
31232
30930
30720
30549
30452
30381
30379
30530
30722
31019
31526
32129
32817
33427
34047
34591
34974
35285
35541
35771
35893
35956
35979
35936
35728
35449
35018
34495
33888
33256
32543
31958
31471
31145
30874
30682
30518
30433
30389
30421
30537
30757
31120
31610
32240
32917
33538
34164
34672
35038
35333
35594
35809
35906
35969
35978
35887
35678
35359
34922
34384
33777
33148
32436
31866
31444
31109
30848
30645
30497
30411
30402
30399
30586
30795
31190
31722
32330
33017
33639
34252
34751
35093
35386
35626
35813
35920
35973
35962
35881
35647
35333
34848
34293
33689
33054
32315
31796
31376
31051
30767
30613
30486
30399
30389
30453
30622
30853
31265
31807
32423
33136
33765
34341
34816
35160
35425
35659
35826
35922
35973
35973
35837
35583
35263
34794
34187
33581
32953
32225
31693
31298
31008
30768
30571
30458
30418
30389
30461
30651
30928
31339
31917
32517
33237
33859
34421
34857
35186
35466
35679
35838
35925
35978
35973
35818
35541
35183
34686
34083
33456
32848
32136
31619
31248
30964
30720
30565
30453
30379
30389
30516
30697
30974
31445
32036
32768
33328
33956
34516
34909
35230
35503
35732
35881
35934
35973
35926
35786
35498
35113
34586
33974
33365
32768
32037
31553
31189
30928
30720
30550
30450
30389
30402
30511
30720
31056
31542
32133
32825
33429
34055
34582
34970
35290
35560
35742
35898
35934
35981
35924
35738
35445
35023
34496
33880
33261
32542
31949
31487
31146
30869
30655
30506
30421
30416
30397
30551
30765
31124
31632
32234
32928
33546
34165
34676
35038
35337
35594
35775
35901
35956
35977
35897
35690
35380
34928
34388
33797
33151
32438
31866
31415
31083
30824
30633
30494
30436
30416
30422
30593
30816
31194
31722
32343
33019
33652
34273
34751
35093
35359
35606
35818
35920
35972
35967
35839
35650
35328
34848
34277
33671
33046
32315
31792
31354
31061
30800
30613
30463
30410
30381
30453
30628
30869
31280
31821
32448
33122
33764
34334
34816
35146
35412
35650
35835
35930
35935
35962
35835
35599
35261
34794
34191
33582
32944
32256
31690
31275
31002
30741
30578
30470
30395
30379
30458
30666
30922
31362
31942
32533
33233
33880
34450
34847
35209
35455
35700
35872
35925
35978
35934
35796
35540
35181
34698
34085
33464
32838
32129
31637
31234
30949
30720
30554
30452
30397
30400
30497
30706
30959
31450
32026
32621
33345
33976
34537
34925
35228
35517
35732
35883
35934
35973
35925
35762
35482
35098
34582
33975
33367
32768
32042
31547
31181
30909
30720
30548
30452
30381
30394
30507
30736
31050
31530
32146
32821
33445
34068
34621
34992
35290
35560
35762
35904
35954
35963
35914
35710
35434
35018
34480
33896
33269
32543
31966
31482
31138
30870
30674
30517
30432
30379
30397
30549
30760
31105
31626
32237
32935
33561
34165
34689
35061
35338
35573
35778
35914
35935
35962
35883
35670
35358
34910
34372
33770
33164
32425
31867
31440
31098
30824
30629
30490
30421
30390
30399
30608
30806
31189
31721
32346
33045
33650
34277
34756
35101
35380
35607
35798
35914
35962
35954
35838
35637
35336
34826
34277
33668
33044
32341
31798
31355
31061
30802
30613
30463
30383
30381
30437
30602
30857
31280
31817
32445
33130
33759
34356
34816
35169
35429
35680
35839
35925
35962
35935
35807
35595
35257
34773
34165
33562
32949
32242
31711
31312
31009
30731
30569
30445
30418
30379
30474
30658
30928
31364
31925
32533
33242
33882
34452
34877
35213
35469
35678
35838
35925
35973
35946
35796
35536
35157
34689
34066
33460
32852
32146
31642
31248
30953
30720
30553
30455
30383
30402
30490
30720
30957
31433
32032
32768
33353
33989
34538
34952
35231
35520
35739
35866
35925
35973
35946
35743
35482
35082
34576
33981
33354
32768
32058
31573
31186
30909
30720
30548
30441
30389
30379
30522
30720
31037
31541
32123
32815
33450
34070
34613
34994
35306
35562
35742
35882
35941
35973
35901
35707
35418
34996
34463
33862
33258
32523
31966
31483
31141
30874
30666
30517
30437
30389
30397
30527
30757
31112
31624
32235
32933
33560
34191
34698
35061
35343
35594
35802
35906
35956
35968
35839
35668
35358
34917
34372
33764
33159
32438
31877
31432
31109
30848
30645
30490
30422
30402
30421
30592
30805
31167
31722
32319
33037
33664
34283
34758
35102
35392
35637
35798
35922
35969
35978
35872
35637
35306
34827
34260
33661
33055
32329
31784
31362
31039
30802
30605
30463
30410
30379
30437
30622
30853
31269
31819
32425
33141
33763
34362
34816
35162
35464
35670
35839
35925
35977
35962
35821
35581
35237
34763
34149
33535
32932
32213
31690
31275
30994
30741
30570
30455
30379
30391
30482
30653
30911
31373
31957
32570
33274
33894
34462
34895
35237
35493
35710
35866
35930
35972
35944
35754
35520
35125
34640
34040
33429
32802
32098
31597
31236
30923
30715
30551
30441
30402
30379
30506
30720
31008
31469
32058
32768
33383
34005
34557
34977
35277
35531
35755
35877
35968
35968
35903
35732
35461
35061
34553
33930
33316
32612
31999
31521
31170
30901
30720
30530
30426
30379
30397
30549
30741
31055
31565
32162
32850
33480
34098
34642
35034
35336
35573
35789
35901
35962
35977
35882
35720
35394
34970
34443
33845
33221
32501
31925
31458
31124
30849
30674
30497
30437
30389
30410
30569
30786
31145
31668
32265
32952
33588
34216
34710
35082
35349
35626
35797
35908
35969
35977
35838
35647
35338
34889
34346
33733
33121
32394
31844
31396
31066
30807
30640
30490
30410
30381
30440
30601
30849
31236
31754
32373
33068
33699
34288
34799
35124
35408
35648
35823
35922
35958
35978
35829
35605
35304
34816
34248
33622
33020
32306
31743
31336
31031
30765
30586
30461
30418
30402
30453
30645
30889
31314
31872
32468
33151
33796
34376
34818
35173
35439
35674
35829
35944
35958
35969
35796
35567
35233
34761
34155
33547
32914
32215
31677
31272
30997
30730
30596
30461
30395
30379
30463
30677
30911
31381
31958
32552
33252
33891
34453
34868
35232
35477
35706
35873
35926
35972
35951
35789
35530
35169
34666
34059
33461
32832
32133
31610
31232
30964
30720
30565
30453
30418
30402
30496
30720
30975
31472
32053
32768
33353
33997
34538
34933
35261
35508
35752
35866
35951
35981
35930
35735
35489
35085
34575
33973
33348
32768
32037
31546
31188
30891
30720
30546
30437
30402
30379
30546
30720
31062
31549
32158
32832
33456
34089
34613
34997
35285
35563
35773
35839
35951
35977
35904
35707
35414
34997
34468
33881
33253
32524
31954
31482
31156
30861
30655
30509
30437
30389
30383
30561
30770
31126
31642
32250
32930
33562
34176
34682
35045
35339
35595
35791
35903
35958
35963
35870
35669
35357
34921
34365
33758
33136
32413
31872
31403
31085
30824
30633
30497
30421
30402
30421
30608
30817
31201
31743
32351
33036
33662
34274
34767
35115
35394
35636
35806
35901
35976
35981
35839
35631
35293
34829
34269
33672
33032
32313
31769
31358
31060
30767
30601
30485
30426
30379
30445
30629
30858
31275
31850
32449
33157
33766
34357
34816
35176
35434
35664
35837
35903
35978
35972
35813
35570
35245
34770
34164
33552
32941
32230
31693
31287
30987
30753
30593
30461
30410
30379
30458
30666
30909
31373
31941
32548
33241
33876
34452
34864
35215
35496
35706
35866
35946
35958
35927
35816
35517
35162
34661
34056
33456
32831
32133
31620
31234
30949
30720
30549
30458
30383
30389
30506
30701
30973
31476
32064
32768
33360
33997
34538
34932
35247
35506
35732
35839
35934
35957
35945
35743
35476
35081
34574
33973
33340
32768
32037
31531
31189
30895
30701
30523
30437
30416
30394
30515
30736
31060
31549
32149
32834
33450
34085
34621
35001
35294
35542
35742
35892
35926
35973
35914
35721
35418
34996
34461
33888
33257
32517
31933
31469
31136
30869
30655
30509
30437
30379
30418
30539
30772
31109
31647
32256
32949
33558
34191
34699
35056
35341
35597
35791
35901
35962
35963
35839
35689
35358
34901
34367
33774
33142
32417
31849
31405
31082
30829
30645
30501
30423
30406
30436
30597
30810
31200
31738
32353
33030
33681
34287
34762
35115
35392
35631
35806
35924
35956
35958
35837
35607
35309
34816
34266
33658
33040
32325
31786
31360
31060
30767
30610
30461
30421
30394
30453
30629
30861
31274
31856
32445
33157
33788
34356
34816
35173
35434
35668
35839
35937
35956
35935
35821
35573
35241
34762
34176
33552
32937
32225
31702
31277
30987
30741
30571
30462
30418
30379
30447
30653
30930
31381
31956
32548
33242
33893
34448
34864
35198
35482
35698
35858
35946
35977
35941
35808
35517
35169
34671
34047
33442
32815
32121
31621
31233
30962
30720
30551
30453
30420
30404
30501
30720
30973
31476
32050
32768
33361
33986
34538
34932
35250
35517
35734
35870
35927
35977
35922
35742
35485
35082
34559
33967
33345
32768
32048
31546
31189
30895
30720
30549
30437
30402
30379
30517
30725
31037
31552
32149
32832
33459
34085
34635
35005
35306
35550
35776
35892
35934
35977
35903
35722
35429
34990
34469
33866
33236
32511
31946
31486
31137
30869
30651
30517
30423
30381
30397
30565
30762
31127
31648
32245
32939
33563
34182
34709
35072
35360
35594
35792
35901
35956
35958
35885
35681
35369
34898
34362
33750
33143
32418
31851
31403
31083
30818
30633
30501
30421
30379
30411
30571
30814
31210
31741
32345
33039
33662
34276
34770
35129
35389
35648
35799
35920
35963
35963
35830
35610
35301
34816
34272
33664
33030
32322
31769
31354
31034
30773
30610
30463
30420
30379
30442
30625
30869
31275
31860
32445
33157
33781
34373
34816
35178
35434
35674
35839
35944
35956
35934
35802
35573
35233
34751
34143
33542
32918
32230
31702
31279
30987
30752
30592
30463
30418
30402
30463
30676
30907
31369
31956
32539
33245
33882
34464
34869
35210
35482
35700
35866
35945
36000
35930
35767
35533
35157
34645
34061
33445
32832
32121
31626
31234
30949
30720
30560
30454
30420
30391
30516
30720
30975
31457
32041
32768
33357
33983
34544
34945
35272
35517
35738
35883
35951
35958
35946
35738
35482
35060
34562
33948
33348
32618
32034
31558
31186
30918
30720
30517
30437
30383
30389
30522
30720
31050
31568
32158
32841
33458
34092
34634
35007
35309
35549
35764
35901
35957
35957
35901
35717
35434
34967
34450
33852
33237
32514
31956
31482
31156
30859
30653
30506
30433
30378
30397
30554
30765
31114
31648
32258
32938
33564
34180
34714
35060
35360
35602
35794
35893
35957
35958
35885
35669
35370
34901
34346
33762
33136
32413
31861
31405
31082
30825
30629
30494
30422
30405
30436
30608
30836
31201
31742
32357
33035
33677
34304
34772
35109
35380
35645
35819
35936
35969
35972
35850
35621
35306
34816
34255
33648
33024
32303
31796
31360
31023
30773
30605
30461
30397
30379
30453
30625
30871
31312
31845
32450
33140
33797
34370
34816
35157
35429
35680
35839
35937
35956
35954
35813
35592
35222
34749
34154
33556
32928
32214
31677
31285
30987
30741
30570
30482
30410
30379
30474
30674
30922
31369
31935
32551
33246
33899
34458
34866
35213
35471
35717
35839
35946
35962
35949
35792
35509
35162
34661
34050
33449
32818
32133
31611
31237
30964
30720
30565
30443
30394
30389
30490
30699
30975
31466
32064
32768
33360
34005
34552
34953
35261
35520
35739
35877
35930
35978
35944
35754
35472
35081
34549
33960
33333
32616
32015
31554
31189
30891
30698
30544
30441
30410
30379
30517
30725
31050
31568
32159
32841
33458
34087
34635
35007
35305
35549
35776
35892
35968
35977
35893
35702
35412
34986
34458
33846
33218
32505
31933
31467
31136
30857
30677
30507
30436
30379
30420
30549
30761
31130
31664
32261
32952
33579
34192
34704
35069
35343
35608
35794
35893
35954
35962
35839
35664
35365
34896
34346
33749
33125
32420
31848
31401
31090
30821
30645
30490
30410
30402
30426
30586
30836
31232
31743
32352
33052
33672
34304
34779
35120
35380
35613
35819
35901
35972
35954
35837
35607
35286
34816
34254
33660
33031
32314
31765
31350
31035
30763
30602
30486
30418
30389
30453
30629
30885
31312
31858
32443
33146
33780
34373
34821
35177
35418
35668
35830
35944
35976
35969
35818
35572
35237
34749
34168
33545
32925
32213
31679
31285
31002
30733
30571
30480
30418
30402
30474
30655
30938
31370
31954
32560
33256
33890
34454
34880
35216
35472
35698
35839
35926
35962
35946
35789
35517
35162
34661
34050
33430
32820
32128
31616
31234
30949
30720
30541
30455
30383
30397
30506
30714
30973
31466
32064
32768
33350
34008
34549
34953
35263
35530
35732
35885
35968
35978
35945
35738
35471
35060
34568
33941
33341
32610
32021
31554
31188
30891
30698
30548
30450
30389
30416
30525
30740
31070
31570
32154
32848
33464
34096
34637
35007
35287
35542
35778
35892
35934
35962
35903
35725
35412
34980
34453
33844
33237
32506
31930
31465
31115
30870
30653
30514
30440
30416
30418
30559
30765
31138
31653
32253
32938
33585
34202
34712
35058
35346
35597
35797
35906
35978
35972
35870
35666
35365
34884
34341
33757
33129
32399
31845
31405
31081
30824
30634
30487
30421
30389
30421
30593
30822
31209
31762
32357
33053
33672
34277
34789
35131
35381
35648
35818
35914
35977
35981
35835
35627
35301
34816
34244
33647
33029
32320
31765
31337
31037
30773
30610
30482
30410
30402
30454
30644
30900
31312
31841
32450
33144
33797
34379
34816
35162
35421
35670
35834
35924
35977
35969
35818
35570
35241
34761
34154
33544
32919
32202
31675
31275
30975
30738
30597
30458
30399
30379
30482
30674
30925
31392
31949
32560
33265
33886
34465
34882
35213
35489
35700
35880
35945
35956
35934
35778
35530
35168
34647
34058
33426
32802
32106
31611
31236
30949
30720
30554
30445
30397
30402
30504
30701
31002
31479
32066
32768
33360
33994
34555
34939
35261
35522
35730
35885
35941
35968
35930
35757
35477
35080
34557
33953
33322
32624
32026
31541
31188
30901
30689
30544
30440
30379
30418
30525
30740
31088
31570
32154
32849
33465
34105
34623
35008
35287
35550
35764
35839
35934
35977
35909
35723
35413
34974
34461
33853
33231
32513
31941
31477
31127
30856
30651
30528
30436
30416
30410
30580
30786
31141
31668
32276
32947
33564
34201
34709
35067
35349
35599
35796
35901
35956
35978
35885
35668
35368
34893
34354
33754
33118
32407
31856
31397
31104
30817
30634
30501
30422
30381
30433
30586
30824
31232
31765
32357
33061
33676
34292
34773
35115
35381
35637
35813
35903
35935
35962
35839
35629
35301
34816
34244
33656
33029
32320
31757
31360
31034
30765
30612
30486
30420
30402
30453
30634
30896
31302
31858
32453
33168
33782
34373
34817
35157
35435
35688
35834
35925
35973
35976
35819
35572
35226
34754
34155
33543
32906
32201
31685
31274
30975
30738
30565
30445
30397
30381
30463
30655
30935
31390
31968
32572
33259
33899
34454
34877
35205
35476
35706
35839
35946
35962
35947
35787
35519
35152
34661
34042
33430
32808
32117
31595
31232
30942
30720
30527
30442
30379
30379
30506
30720
30975
31482
32084
32768
33373
34010
34557
34938
35252
35520
35733
35877
35935
35978
35944
35733
35467
35060
34562
33943
33320
32616
32019
31546
31162
30889
30697
30507
30448
30379
30379
30546
30725
31063
31570
32170
32866
33467
34098
34634
35017
35285
35550
35773
35893
35935
35958
35906
35716
35418
34987
34450
33856
33237
32501
31941
31479
31127
30842
30635
30506
30421
30416
30418
30565
30773
31146
31658
32278
32965
33576
34208
34706
35060
35344
35581
35808
35904
35962
35956
35839
35666
35349
34895
34352
33750
33114
32395
31845
31402
31073
30822
30625
30490
30421
30400
30426
30612
30836
31218
31754
32363
33054
33695
34296
34773
35119
35391
35615
35799
35937
35954
35973
35829
35621
35286
34816
34253
33664
33029
32297
31767
31346
31023
30774
30587
30447
30397
30394
30442
30644
30885
31293
31876
32461
33180
33786
34378
34816
35156
35422
35669
35830
35940
35962
35934
35796
35573
35218
34754
34168
33550
32924
32205
31677
31273
30975
30730
30581
30453
30383
30379
30463
30655
30934
31392
31970
32568
33267
33904
34455
34875
35220
35488
35700
35881
35947
35958
35930
35786
35531
35152
34661
34059
33431
32816
32117
31621
31232
30945
30720
30527
30437
30389
30379
30494
30699
30985
31482
32084
32772
33373
34009
34561
34949
35252
35520
35733
35882
35946
35972
35924
35738
35460
35058
34557
33942
33326
32626
32026
31543
31170
30891
30689
30544
30442
30379
30379
30538
30730
31073
31573
32169
32855
33472
34109
34623
35016
35287
35567
35764
35894
35934
35979
35901
35706
35413
34964
34453
33852
33232
32514
31933
31482
31136
30870
30674
30517
30411
30391
30383
30561
30765
31127
31668
32274
32952
33583
34210
34704
35069
35349
35610
35809
35906
35969
35978
35881
35652
35349
34893
34346
33755
33133
32415
31845
31402
31080
30817
30634
30486
30421
30389
30423
30593
30815
31232
31741
32355
33056
33687
34304
34793
35131
35394
35645
35807
35925
35954
35954
35828
35605
35284
34816
34253
33659
33029
32314
31767
31350
31037
30773
30612
30482
30420
30402
30442
30622
30885
31279
31858
32474
33162
33793
34401
34818
35178
35429
35674
35850
35930
35956
35968
35797
35541
35226
34749
34133
33535
32925
32213
31679
31274
30998
30725
30581
30453
30397
30402
30443
30674
30911
31373
31967
32560
33262
33906
34461
34893
35221
35482
35701
35880
35945
35966
35925
35775
35515
35133
34640
34045
33434
32810
32117
31621
31232
30949
30720
30541
30450
30420
30379
30487
30720
30973
31478
32080
32768
33372
34010
34559
34954
35252
35522
35733
35899
35934
35973
35909
35732
35465
35055
34546
33936
33322
32768
32048
31558
31189
30914
30720
30517
30430
30394
30389
30533
30726
31051
31549
32170
32848
33482
34101
34629
35018
35294
35570
35786
35901
35962
36000
35904
35678
35394
34984
34447
33853
33222
32519
31933
31479
31134
30853
30658
30517
30433
30389
30379
30551
30765
31125
31658
32256
32947
33593
34186
34706
35066
35349
35605
35797
35906
35962
35958
35839
35637
35346
34882
34341
33741
33110
32414
31853
31403
31104
30836
30629
30477
30399
30381
30410
30597
30826
31232
31741
32362
33061
33684
34304
34775
35130
35403
35650
35837
35933
35979
35958
35826
35610
35280
34816
34228
33626
33024
32316
31781
31360
31061
30790
30597
30466
30410
30378
30453
30642
30881
31290
31866
32450
33173
33797
34381
34821
35181
35444
35695
35855
35926
35981
35962
35817
35542
35213
34733
34128
33524
32912
32203
31690
31285
30994
30743
30578
30443
30416
30378
30463
30651
30938
31386
31966
32558
33258
33909
34466
34879
35221
35492
35711
35882
35954
35979
35934
35773
35506
35126
34630
34023
33419
32813
32129
31636
31232
30964
30720
30549
30442
30379
30389
30516
30699
30998
31477
32047
32768
33365
34005
34559
34955
35260
35530
35713
35757
35710
35688
35543
35301
34903
34261
33496
33280
33195
33193
33170
33178
33184
33191
33176
33182
33197
33181
33197
33177
33183
33201
33189
33194
33189
33201
33200
33204
33200
33189
33197
33187
33200
33190
33205
33186
33205
33187
33199
33186
33206
33205
33213
33212
33199
33190
33192
33202
33205
33209
33196
33209
33198
33205
33204
33213
33207
33199
33198
33208
33198
33198
33207
33217
33207
33217
33217
33205
33202
33198
33205
33209
33221
33206
33217
33206
33213
33197
33220
33220
33223
33204
33213
33202
33215
33210
33212
33208
33217
33212
33217
33213
33221
33203
33221
33200
33221
33206
33220
33206
33216
33208
33210
33216
33221
33213
33217
33217
33215
33211
33215
33210
33217
33202
33221
33212
33223
33203
33221
33210
33206
33206
33221
33223
33221
33221
33209
33212
33215
33216
33208
33220
33221
33228
33229
33232
33213
33211
33220
33216
33225
33216
33228
33221
33228
33210
33216
33212
33215
33213
33221
33216
33221
33220
33229
33217
33221
33208
33217
33211
33221
33214
33229
33210
33216
33210
33217
33216
33224
33212
33228
33221
33229
33210
33221
33213
33217
33210
33229
33210
33233
33222
33225
33219
33224
33214
33216
33211
33232
33210
33232
33216
33219
33217
33221
33210
33223
33216
33221
33216
33237
33219
33225
33221
33225
33207
33216
33212
33232
33229
33226
33216
33232
33216
33216
33216
33229
33210
33233
33226
33229
33210
33232
33212
33216
33210
33211
33210
33228
33221
33225
33224
33216
33210
33216
33218
33228
33224
33223
33221
33223
33225
33211
33221
33216
33216
33216
33225
33220
33221
33222
33229
33211
33216
33226
33223
33217
33224
33220
33225
33210
33213
33211
33216
33224
33229
33230
33235
33225
33221
33210
33229
33218
33221
33220
33223
33216
33232
33216
33229
33210
33218
33220
33223
33216
33221
33220
33233
33224
33229
33210
33228
33210
33217
33216
33236
33210
33236
33217
33236
33217
33220
33216
33229
33216
33236
33211
33233
33216
33221
33216
33223
33214
33221
33216
33229
33219
33232
33219
33221
33210
33216
33208
33233
33228
33233
33218
33229
33216
33221
33212
33222
33218
33232
33225
33220
33225
33228
33216
33218
33210
33218
33216
33232
33233
33232
33221
33216
33221
33216
33216
33212
33233
33232
33217
33229
33217
33216
33216
33217
33214
33220
33229
33228
33221
33226
33225
33218
33216
33216
33233
33223
33224
33221
33221
33216
33224
33210
33218
33228
33233
33217
33233
33223
33233
33213
33228
33210
33218
33212
33226
33220
33231
33227
33228
33218
33218
33218
33229
33220
33229
33220
33229
33219
33223
33210
33224
33210
33220
33212
33233
33216
33236
33213
33233
33213
33220
33218
33221
33216
33229
33213
33233
33218
33224
33213
33216
33210
33228
33215
33228
33219
33232
33219
33221
33218
33216
33210
33232
33233
33232
33217
33232
33218
33216
33212
33218
33216
33233
33229
33232
33226
33233
33216
33216
33212
33210
33216
33233
33224
33224
33225
33212
33227
33220
33211
33232
33236
33222
33221
33221
33221
33211
33224
33216
33225
33222
33229
33222
33225
33222
33228
33216
33216
33210
33229
33221
33232
33220
33221
33210
33233
33218
33214
33223
33233
33216
33233
33223
33225
33216
33233
33211
33218
33213
33225
33217
33229
33225
33232
33218
33233
33214
33223
33216
33229
33218
33229
33225
33225
33225
33225
33210
33220
33206
33232
33216
33232
33229
33232
33216
33221
33216
33224
33218
33221
33225
33232
33210
33236
33210
33216
33209
33236
33216
33232
33227
33232
33211
33229
33218
33228
33218
33223
33221
33221
33227
33229
33211
33228
33216
33223
33220
33226
33219
33229
33221
33225
33220
33218
33219
33221
33217
33216
33229
33236
33218
33216
33213
33220
33218
33222
33229
33220
33229
33229
33210
33210
33227
33216
33216
33232
33232
33210
33232
33226
33221
33216
33226
33216
33232
33216
33228
33229
33221
33218
33218
33216
33223
33220
33232
33217
33229
33222
33227
33219
33225
33217
33229
33216
33229
33228
33233
33219
33224
33222
33228
33210
33233
33211
33232
33228
33225
33214
33233
33217
33225
33216
33228
33214
33232
33220
33229
33225
33233
33216
33229
33216
33221
33220
33232
33229
33229
33210
33229
33210
33220
33214
33216
33216
33233
33229
33233
33210
33233
33211
33222
33219
33222
33229
33233
33229
33233
33216
33211
33216
33221
33217
33226
33222
33222
33224
33229
33229
33216
33217
33216
33210
33220
33233
33233
33217
33216
33216
33220
33218
33218
33233
33233
33231
33229
33214
33212
33216
33217
33218
33228
33233
33210
33229
33229
33224
33210
33229
33216
33233
33216
33232
33229
33236
33217
33221
33216
33225
33218
33220
33218
33229
33220
33233
33227
33225
33211
33229
33210
33232
33222
33232
33224
33233
33210
33232
33216
33232
33210
33232
33220
33222
33215
33233
33217
33225
33217
33223
33216
33223
33216
33228
33232
33229
33216
33229
33215
33228
33214
33228
33227
33233
33216
33233
33210
33212
33211
33233
33211
33236
33232
33233
33218
33233
33211
33221
33222
33220
33228
33233
33231
33229
33217
33217
33216
33220
33214
33220
33225
33221
33225
33232
33228
33218
33221
33218
33216
33216
33236
33232
33232
33217
33221
33212
33224
33216
33229
33232
33233
33232
33219
33210
33212
33214
33224
33221
33232
33226
33232
33223
33221
33216
33229
33216
33236
33210
33229
33228
33224
33221
33229
33212
33229
33218
33218
33216
33233
33218
33233
33228
33233
33216
33232
33213
33220
33216
33236
33232
33229
33214
33231
33219
33224
33216
33220
33210
33232
33221
33223
33232
33232
33233
33217
33226
33221
33220
33216
33232
33214
33232
33220
33227
33218
33221
33209
33233
33216
33232
33228
33227
33218
33232
33219
33224
33214
33218
33216
33233
33232
33232
33216
33224
33220
33221
33217
33220
33216
33236
33225
33229
33214
33233
33216
33218
33210
33232
33211
33232
33221
33228
33220
33216
33221
33216
33216
33236
33218
33223
33220
33224
33224
33214
33219
33222
33218
33217
33232
33221
33228
33232
33229
33216
33210
33212
33229
33222
33227
33223
33224
33211
33211
33210
33216
33227
33232
33216
33233
33229
33215
33218
33232
33211
33218
33220
33223
33220
33229
33210
33231
33216
33218
33214
33223
33222
33228
33220
33232
33221
33228
33216
33225
33210
33228
33216
33232
33216
33232
33216
33219
33218
33220
33214
33229
33216
33233
33214
33233
33216
33219
33218
33223
33210
33232
33220
33229
33219
33236
33218
33225
33224
33216
33212
33232
33221
33229
33218
33223
33221
33216
33216
33228
33216
33232
33225
33232
33229
33233
33213
33216
33211
33212
33216
33228
33224
33221
33223
33216
33212
33212
33218
33236
33233
33225
33224
33229
33225
33220
33224
33218
33216
33212
33227
33222
33225
33231
33229
33216
33214
33223
33232
33220
33225
33223
33225
33212
33233
33211
33218
33228
33232
33229
33227
33223
33225
33211
33221
33214
33217
33220
33227
33216
33232
33216
33233
33216
33218
33216
33222
33216
33229
33218
33229
33225
33229
33216
33229
33208
33220
33216
33229
33216
33229
33216
33233
33210
33223
33216
33223
33220
33233
33216
33232
33216
33232
33216
33232
33210
33228
33222
33228
33218
33229
33218
33233
33217
33216
33216
33229
33229
33236
33217
33229
33217
33220
33216
33218
33216
33233
33225
33220
33229
33229
33214
33216
33216
33216
33216
33223
33224
33223
33219
33216
33225
33216
33210
33228
33232
33229
33224
33223
33222
33211
33219
33220
33217
33218
33229
33217
33225
33226
33225
33210
33216
33210
33229
33225
33225
33223
33227
33210
33228
33216
33216
33229
33229
33216
33229
33228
33224
33211
33233
33216
33224
33224
33221
33220
33232
33229
33233
33210
33220
33214
33232
33220
33229
33216
33229
33220
33225
33216
33229
33216
33218
33218
33220
33216
33232
33217
33229
33216
33220
33216
33216
33216
33232
33232
33237
33220
33224
33216
33232
33216
33228
33218
33224
33229
33232
33222
33227
33220
33216
33210
33228
33237
33232
33218
33233
33224
33210
33227
33216
33210
33233
33233
33233
33228
33233
33216
33213
33229
33218
33218
33232
33224
33228
33226
33210
33229
33216
33216
33223
33228
33223
33225
33221
33221
33220
33221
33216
33223
33218
33228
33216
33229
33217
33229
33209
33232
33210
33236
33232
33229
33223
33229
33210
33225
33216
33224
33211
33220
33212
33232
33228
33237
33211
33233
33218
33216
33214
33223
33220
33228
33224
33229
33210
33229
33211
33232
33216
33221
33220
33229
33221
33224
33224
33229
33210
33221
33218
33220
33216
33232
33216
33233
33219
33223
33213
33220
33210
33233
33229
33233
33214
33232
33215
33210
33207
33233
33211
33233
33229
33233
33216
33233
33216
33221
33217
33220
33229
33222
33228
33237
33218
33213
33217
33222
33216
33226
33221
33232
33221
33223
33225
33219
33217
33218
33221
33220
33236
33234
33219
33217
33217
33216
33224
33216
33233
33232
33233
33229
33222
33211
33229
33218
33218
33226
33233
33208
33232
33229
33224
33218
33221
33218
33229
33218
33233
33232
33229
33216
33217
33220
33221
33218
33228
33222
33228
33221
33229
33217
33221
33223
33225
33214
33232
33210
33232
33217
33232
33221
33228
33216
33233
33216
33232
33228
33233
33228
33232
33210
33218
33215
33216
33211
33232
33222
33229
33228
33228
33211
33212
33210
33229
33216
33228
33219
33225
33222
33233
33210
33218
33221
33220
33216
33229
33228
33218
33225
33235
33213
33228
33216
33222
33228
33223
33225
33233
33221
33210
33216
33228
33218
33223
33233
33232
33224
33221
33225
33216
33213
33217
33219
33218
33232
33217
33229
33218
33218
33220
33216
33218
33225
33218
33229
33233
33219
33216
33229
33210
33217
33216
33232
33211
33233
33228
33233
33222
33221
33216
33229
33216
33233
33216
33232
33215
33225
33219
33227
33216
33226
33218
33229
33218
33233
33221
33228
33220
33229
33216
33228
33216
33229
33218
33225
33224
33232
33210
33216
33216
33232
33232
33232
33233
33233
33217
33229
33218
33223
33216
33221
33220
33228
33229
33233
33228
33216
33216
33225
33216
33223
33228
33233
33228
33229
33216
33214
33214
33216
33210
33229
33228
33217
33229
33236
33219
33216
33216
33217
33228
33218
33232
33236
33233
33210
33214
33220
33220
33218
33234
33223
33229
33220
33228
33217
33225
33210
33225
33216
33237
33228
33228
33211
33224
33218
33224
33216
33229
33210
33233
33232
33220
33210
33229
33210
33215
33220
33232
33211
33229
33222
33224
33220
33229
33208
33219
33218
33233
33214
33229
33211
33223
33222
33221
33214
33229
33221
33228
33220
33233
33220
33221
33224
33225
33216
33218
33211
33229
33221
33232
33222
33225
33219
33220
33216
33232
33216
33229
33229
33229
33217
33232
33217
33216
33216
33228
33213
33223
33221
33228
33228
33216
33216
33228
33210
33232
33224
33223
33225
33228
33228
33216
33217
33216
33213
33228
33221
33220
33229
33233
33218
33229
33236
33232
33216
33216
33220
33218
33220
33229
33218
33229
33233
33213
33208
33225
33216
33210
33216
33220
33216
33229
33224
33229
33210
33219
33220
33225
33218
33229
33216
33229
33216
33233
33211
33222
33220
33233
33210
33232
33226
33227
33218
33237
33217
33217
33229
33225
33229
33221
33216
33229
33216
33214
33210
33233
33216
33232
33233
33233
33210
33232
33211
33219
33224
33223
33216
33221
33210
33233
33218
33217
33216
33232
33220
33226
33220
33233
33217
33226
33217
33225
33216
33220
33210
33236
33216
33236
33216
33229
33211
33222
33218
33220
33216
33232
33216
33232
33218
33219
33216
33229
33216
33223
33220
33228
33233
33233
33221
33228
33221
33216
33210
33228
33229
33233
33219
33232
33219
33220
33217
33212
33216
33232
33237
33222
33229
33229
33216
33214
33214
33210
33216
33228
33225
33221
33226
33211
33229
33218
33216
33229
33233
33232
33224
33223
33225
33216
33217
33216
33220
33220
33228
33223
33225
33220
33232
33210
33213
33210
33233
33224
33227
33220
33225
33216
33229
33216
33216
33223
33237
33210
33232
33232
33221
33216
33236
33218
33221
33217
33222
33216
33229
33210
33233
33208
33229
33214
33229
33225
33229
33220
33223
33216
33219
33217
33221
33216
33223
33220
33223
33220
33229
33225
33233
33214
33228
33216
33221
33216
33225
33224
33233
33216
33233
33216
33216
33216
33225
33216
33232
33233
33233
33218
33233
33217
33219
33219
33222
33232
33233
33218
33233
33218
33218
33219
33221
33216
33218
33228
33220
33224
33233
33214
33216
33226
33214
33210
33233
33229
33232
33224
33218
33221
33216
33210
33216
33232
33223
33222
33223
33221
33216
33211
33220
33218
33218
33232
33225
33225
33220
33225
33210
33231
33216
33229
33210
33229
33220
33224
33212
33228
33216
33210
33211
33231
33214
33233
33232
33233
33216
33233
33218
33224
33211
33223
33216
33223
33229
33233
33216
33229
33214
33232
33222
33221
33220
33229
33218
33223
33219
33229
33211
33222
33216
33218
33216
33232
33232
33233
33219
33222
33211
33221
33214
33221
33229
33233
33210
33236
33218
33210
33216
33223
33216
33232
33236
33229
33224
33232
33217
33216
33216
33216
33229
33232
33232
33229
33221
33218
33221
33216
33210
33232
33229
33220
33228
33233
33229
33216
33226
33216
33210
33223
33221
33229
33226
33214
33229
33210
33210
33216
33233
33228
33223
33221
33221
33218
33220
33216
33221
33218
33223
33222
33228
33220
33229
33210
33229
33216
33233
33223
33232
33216
33229
33225
33225
33212
33229
33216
33229
33216
33228
33229
33232
33233
33233
33216
33221
33208
33232
33211
33223
33221
33225
33208
33225
33218
33236
33212
33229
33227
33233
33211
33233
33211
33217
33216
33232
33210
33232
33218
33228
33227
33225
33220
33212
33210
33232
33211
33223
33221
33229
33224
33229
33216
33222
33221
33216
33216
33232
33225
33233
33229
33233
33218
33216
33213
33220
33228
33222
33229
33233
33229
33210
33216
33221
33216
33228
33233
33232
33225
33228
33221
33216
33217
33216
33215
33218
33233
33216
33232
33216
33217
33217
33221
33221
33229
33218
33233
33232
33218
33210
33229
33210
33216
33221
33236
33216
33233
33229
33221
33218
33221
33216
33236
33210
33232
33221
33232
33213
33219
33218
33227
33218
33226
33220
33221
33218
33233
33221
33229
33216
33229
33218
33232
33214
33228
33217
33221
33221
33225
33216
33229
33216
33232
33211
33229
33216
33233
33218
33217
33216
33228
33211
33226
33214
33225
33227
33233
33229
33216
33211
33228
33218
33226
33225
33229
33225
33229
33216
33218
33221
33216
33210
33228
33229
33229
33231
33236
33218
33220
33213
33216
33229
33218
33233
33233